HUDI, 8 datapoints (28.05 01:08):
     GEODE-6134     HUDI-3242     HUDI-2941     HUDI-3215      HUDI-3236      HUDI-3234      HUDI-3151     HUDI-3224
0  13706.634253   5682.245275   6707.301840   5828.223350   32807.500649   12766.450111   35019.394047   8004.885769
1  34840.496389  17245.926558  45457.591600  55362.681154  131905.821269   14112.933127    7865.965218  39920.728634
2  17452.110432  17126.597967  25726.823959  27227.451993   14174.004294    8152.538630   25585.248844  11732.386057
3   4033.395168  19918.170760  22472.219378  34349.359878   37990.227808   45841.616978   51621.148965  12408.692980
4  15788.547647  16916.485083  13691.588695   -937.583551   25139.844003   13543.414879  101665.892311  29794.630155
5  35641.797703  12608.837785  12327.992180  25213.583009   31758.475738   22858.417054    5116.649721   6404.635341
6   8483.347975  16938.152629  16553.129243  23094.995421    7584.795191   24296.872642   17021.341537  29766.908995
7   8278.695548  57102.621860  30966.554827   7806.029951   15821.560258   21268.378047    9135.973567  55895.144372
8  21773.423972  72537.414292  53392.058232   7639.489625   10251.176348   -7745.537718   17970.571396  32118.016618
9  21787.501030  20305.555020  20720.483164  32056.657902   13716.738106  109932.306898   22614.058036  17526.862084

HUDI, 8 datapoints (28.05 01:09):
     GEODE-6134      HUDI-3242     HUDI-2941     HUDI-3215      HUDI-3236      HUDI-3234      HUDI-3151     HUDI-3224
0  27413.268506   11364.490551  10060.952760   5828.223350   41009.375811   25532.900222   35019.394047  12007.328654
1  69680.992778   34491.853115  68186.387400  55362.681154  164882.276586   28225.866254    7865.965218  59881.092950
2  34904.220863   34253.195933  38590.235939  27227.451993   17717.505368   16305.077259   25585.248844  17598.579085
3   8066.790336   39836.341519  33708.329067  34349.359878   47487.784760   91683.233956   51621.148965  18613.039471
4  31577.095294   33832.970166  20537.383042   -937.583551   31424.805004   27086.829757  101665.892311  44691.945232
5  71283.595407   25217.675569  18491.988270  25213.583009   39698.094673   45716.834108    5116.649721   9606.953012
6  16966.695950   33876.305258  24829.693864  23094.995421    9480.993988   48593.745285   17021.341537  44650.363493
7  16557.391096  114205.243721  46449.832241   7806.029951   19776.950322   42536.756095    9135.973567  83842.716558
8  43546.847944  145074.828584  80088.087348   7639.489625   12813.970435  -15491.075436   17970.571396  48177.024926
9  43575.002059   40611.110041  31080.724746  32056.657902   17145.922633  219864.613795   22614.058036  26290.293126

HUDI, 8 datapoints (28.05 02:44):
     GEODE-6134     HUDI-3242  ...     HUDI-3224            Sum
0   7622.889424   1850.736956  ...   2480.515293   43051.574153
1  19470.666026  10147.470859  ...  15940.373515  102805.177077
2  10288.383117  10065.587168  ...   4607.299551   60507.813797
3   1307.833677  11915.913626  ...   4990.731205   85915.550002
4   9131.228238   9920.821684  ...  13001.191086   69275.416519
5  19774.993149   6804.832520  ...   1653.774441   66607.177527
6   3667.039534   9935.784754  ...  12991.564114   62172.869807
7   3512.772745  25237.568718  ...  18778.215565   83070.909871
8  13067.869322  27090.343138  ...  13775.181859   82959.704507
9  13076.368861  12161.645948  ...   7754.468071   91761.058684

[10 rows x 9 columns]

